0
49.45
43.6
49.21
55.66
44.95
36.96
51.91
19.84
23.4
116.99
0
29.71
22
0
35.99
35.99
33.96
35.3
48.83
97.29
43.99
34.86
26.01
31.46
34
32.9
42.46
36.9
31.5
0
49.55
25.8
0
29.16
29.71
62.9
10.95
21.9
34.12
48.9
0
34.9
0
59.9
35.04
36.46
37.19
0
49.68
44.96
28.99
32.41
50.96
24.95
38.53
29.88
35.96
14
38.9
29
49.4
57.66
11.51
19.39
49.9
35.85
48.69
19.95
30.99
35.82
29.06
17.95
31.46
0
34.15
0
26.24
0
0
55.9
39.9
46
46.79
20.85
32.4
29.07
52.89
0
11.95
26.95
28.36
35.96
13.72
20.25
44.39
37.9
32.32
48
0
0
26.95
71.95
34.91
17.95
35
10.75
22.95
28.81
22.5
29.85
22.19
44.08
41.61
93.95
65.62
38.9
14.9
47.66
39.99
19.81
26.95
46.12
27
0
31.13
45.03
11
29.95
24.25
24.6

