97.29
49.45
43.6
26.95
71.95
34.85
49.68
49.21
17.95
35
44.94
10.75
28.99
55.66
32.41
50.96
28.81
22.5
29.85
44.95
24.95
38.53
22.14
35.96
51.91
116.99
19.84
23.4
44.08
14
41.61
93.95
38.9
29
38.9
0
14.9
49.4
0
29.71
22
0
35.99
35.99
33.96
47.66
11.51
19.39
39.99
49.9
35.8
48.69
19.95
35.3
19.81
48.83
30.99
43.99
26.95
34.86
26.01
31.46
34
32.9
42.46
36.9
31.5
0
35.82
27
29.06
17.95
31.46
0
0
49.55
0
34.15
25.8
0
0
0
0
26.24
0
29.16
29.71
62.9
55.9
39.9
45.03
49.19
46.79
0
11
10.95
21.9
29.95
48.9
29.07
0
52.89
0
11.95
34.9
26.95
28.36
35.96
13.72
20.25
0
59.9
44.39
22.95
29.88
36.9
65.62
46.12
31.13
34.12
20.85
32.35
24.25
37.9
35.04
32.32
36.46
37.19
24.6
48
0

